-7.0000,0.0000
-7.0000,0.0000
-7.0000,0.0000
-7.0000,0.0000
-7.0000,0.0000
-7.0000,0.0000
-7.0000,-0.1125
-7.0000,-0.1227
-7.0000,-0.1352
-7.0000,-0.1419
-7.0000,-0.1571
-7.0000,-0.1649
-7.0000,-0.1799
-7.0000,-0.1899
-7.0000,-0.2062
-7.0000,-0.2158
-7.0000,-0.2370
-7.0000,-0.2461
-7.0000,-0.2657
-7.0000,-0.2845
-7.0000,-0.2994
-7.0000,-0.3194
-7.0000,-0.3445
-7.0000,-0.3641
-7.0000,-0.3870
-7.0000,-0.4127
-7.0000,-0.4402
-7.0000,-0.4694
-7.0000,-0.5007
-7.0000,-0.5341
-7.0000,-0.5698
-7.0000,-0.6088
-7.0000,-0.6580
-7.0000,-0.6952
-7.0000,-0.7436
-7.0000,-0.8100
-7.0000,-0.8513
-7.0000,-0.9328
-7.0000,-0.9887
-7.0000,-1.0649
-7.0000,-1.1531
-7.0000,-1.2403
-7.0000,-1.3326
-7.0000,-1.4357
-7.0000,-1.5528
-7.0000,-1.6666
-7.0000,-1.2982
-7.0000,-0.8540
-7.0000,-0.8314
-7.0000,-0.7965
-7.0000,-0.7729
-7.0000,-0.7592
-7.0000,-0.7308
-7.0000,-0.7174
-7.0000,-0.7037
-7.0000,-0.6866
-7.0000,-0.6820
-7.0000,-0.6682
-7.0000,-0.6648
-7.0000,-0.6629
-7.0000,-0.6592
-7.0000,-0.6628
-7.0000,-0.6694
-7.0000,-0.6795
-7.0000,-0.6936
-7.0000,-0.7124
-7.0000,-0.7461
-7.0000,-0.7775
-7.0000,-0.8297
-7.0000,-0.8960
-7.0000,-0.9871
-7.0000,-1.1146
-7.0000,-1.2979
-7.0000,-1.5
-7.0000,-1.5
-7.0000,-1.5
-7.0000,-1.5
-7.0000,-1.5
-7.0000,-1.5
-7.0000,-1.5
-7.0000,-1.5
-7.0000,-1.5
-7.0000,-1.5
-7.0000,-1.5
-7.0000,-1.5
-7.0000,-1.5
-6.0000,-2.0
-5.0000,-2.0
-4.0000,-2.0
-3.0000,-2.0
-2.0000,-2.0
-1.0000,0.0000