-0.0000,0.0000
-7.0000,0.0
-7.0000,0.0
-7.0000,2.5102
-7.0000,2.3800
-7.0000,2.2575
-7.0000,2.1432
-7.0000,2.0370
-7.0000,1.9398
-7.0000,1.8634
-7.0000,1.7732
-7.0000,1.7086
-7.0000,1.6459
-7.0000,1.5842
-7.0000,1.5323
-7.0000,1.4845
-7.0000,1.4414
-7.0000,1.4079
-7.0000,1.3647
-7.0000,1.3342
-7.0000,1.3091
-7.0000,1.2776
-7.0000,1.2537
-7.0000,1.2374
-7.0000,1.2106
-7.0000,1.3931
-7.0000,1.6728
-7.0000,1.3129
-7.0000,1.0304
-7.0000,0.8331
-7.0000,0.6823
-7.0000,0.5729
-7.0000,0.4758
-7.0000,0.4083
-7.0000,0.3421
-7.0000,0.2917
-7.0000,0.2476
-7.0000,0.2087
-7.0000,0.1738
-7.0000,0.1421
-7.0000,0.1129
-7.0000,0.0856
-7.0000,0.0596
-7.0000,0.0344
-7.0000,0.0095
-7.0000,-0.0155
-7.0000,-0.0410
-7.0000,-0.0677
-7.0000,-0.0959
-7.0000,-0.1263
-7.0000,-0.1597
-7.0000,-0.1968
-7.0000,-0.2410
-7.0000,-0.2904
-7.0000,-0.3454
-7.0000,-0.4244
-7.0000,-0.5056
-7.0000,-0.6209
-7.0000,-0.7706
-7.0000,-0.9685
-7.0000,-1.2656
-7.0000,-1.6951
-7.0000,-1.9186
-7.0000,-1.5416
-7.0000,-1.5624
-7.0000,-1.5917
-7.0000,-1.6249
-7.0000,-1.6624
-7.0000,-1.7049
-7.0000,-1.7530
-7.0000,-1.8169
-7.0000,-1.8766
-6.0000,-1.9573
-6.0000,-2.0388
-5.0000,-2.1412
-5.0000,-2.2560
-4.0000,-2.3845
-4.0000,-2.5276
-3.0000,-2.6983
-3.0000,-2.8778
-2.0000,-3.0944
-2.0000,-3.3135
-1.0000,-3.5620
-1.0000,0.0000